symbol,SPY,QQQ,DIA,IWM,EFA,TLT
SPY,1.0,0.8300205379275417,0.8494854893310069,0.7016921684790225,0.6530228414465937,-0.2162752988172049
QQQ,0.8300205379275417,1.0,0.6782369460080411,0.6142943214470493,0.5636237170399734,-0.18705328238443303
DIA,0.8494854893310069,0.6782369460080411,1.0,0.6577627173050936,0.6434905534439334,-0.21409675409668383
IWM,0.7016921684790225,0.6142943214470493,0.6577627173050936,1.0,0.5879764323747972,-0.17951465860047922
EFA,0.6530228414465937,0.5636237170399734,0.6434905534439334,0.5879764323747972,1.0,-0.08176723813653096
TLT,-0.2162752988172049,-0.18705328238443303,-0.21409675409668383,-0.17951465860047922,-0.08176723813653096,1.0
